1 0.416484 0.766627 0.094844 0.161085
1 0.465313 0.485849 0.044062 0.060377
1 0.790781 0.500472 0.073750 0.072170
1 0.918828 0.763090 0.162344 0.254009
1 0.523125 0.374528 0.024688 0.027830
1 0.894297 0.579127 0.116719 0.123349
1 0.561328 0.345991 0.010156 0.017453
1 0.743906 0.458844 0.048750 0.064858
1 0.938281 0.435849 0.044062 0.074528
1 0.666094 0.431132 0.037187 0.043868
2 0.257500 0.529953 0.016563 0.025000
1 0.485703 0.425943 0.026719 0.038208
0 0.594687 0.322406 0.028750 0.039623
0 0.566562 0.314033 0.033437 0.033726
1 0.503438 0.394340 0.022187 0.033962
1 0.540703 0.362264 0.019219 0.021226
1 0.500000 0.568396 0.996875 0.575472
