1 0.308962 0.693594 0.107547 0.058437
1 0.311085 0.698594 0.109434 0.058750
1 0.449175 0.667734 0.037972 0.025469
1 0.618868 0.701250 0.090094 0.055000
1 0.479481 0.664062 0.040094 0.017813
1 0.555071 0.656406 0.026651 0.016563
2 0.559080 0.586484 0.653538 0.096406
1 0.383137 0.670625 0.055896 0.031875
2 0.515212 0.633047 0.008255 0.008594
2 0.243160 0.647813 0.025000 0.042500
1 0.565094 0.710313 0.129245 0.065938
1 0.069222 0.705547 0.124292 0.057344
1 0.514033 0.661484 0.033255 0.017969
1 0.491038 0.662188 0.032547 0.018750
1 0.175236 0.692109 0.100943 0.057969
1 0.226415 0.698438 0.452830 0.081250
