1 0.700859 0.338932 0.035469 0.049740
2 0.177344 0.065104 0.055313 0.130208
2 0.403828 0.207292 0.033281 0.107292
2 0.475156 0.206901 0.013437 0.063281
2 0.572812 0.220964 0.013125 0.016406
2 0.943437 0.530859 0.015313 0.085677
2 0.986953 0.607812 0.017969 0.114062
2 0.483750 0.253646 0.024063 0.072396
2 0.866484 0.328516 0.010156 0.039844
2 0.188828 0.463672 0.018906 0.110156
1 0.434922 0.576172 0.041719 0.069531
0 0.849375 0.742839 0.180625 0.316927
2 0.755078 0.070703 0.024219 0.083073
1 0.455078 0.682943 0.107031 0.136719
1 0.551016 0.595964 0.067344 0.083594
1 0.623203 0.416536 0.043906 0.067969
1 0.527812 0.525521 0.082500 0.063021
1 0.451562 0.615625 0.085312 0.037500
1 0.722969 0.352604 0.038750 0.051563
2 0.708125 0.137630 0.007500 0.011719
2 0.458594 0.393229 0.901563 0.218750
