0 0.913828 0.943229 0.146719 0.109792
1 0.523906 0.787917 0.029375 0.037500
1 0.327109 0.849479 0.037969 0.046042
1 0.346719 0.818021 0.028437 0.029375
2 0.643359 0.744792 0.009844 0.029583
2 0.545078 0.741354 0.008594 0.050625
1 0.648359 0.927604 0.051094 0.060208
1 0.426172 0.700313 0.022969 0.026875
1 0.407734 0.663229 0.016719 0.016458
1 0.574297 0.859375 0.039531 0.049583
1 0.355469 0.791979 0.030937 0.030625
1 0.367344 0.772083 0.028437 0.029583
1 0.597812 0.829271 0.034063 0.041458
1 0.312813 0.888958 0.045000 0.048333
1 0.565391 0.929688 0.051719 0.056042
1 0.648906 0.799479 0.030312 0.037292
2 0.193047 0.847187 0.013906 0.051042
1 0.367188 0.800000 0.384375 0.395833
