1 0.432266 0.869953 0.008906 0.029108
1 0.540078 0.905751 0.020781 0.034038
1 0.599219 0.899765 0.019062 0.031455
1 0.629609 0.920657 0.023281 0.040376
1 0.893125 0.608803 0.015938 0.013850
1 0.938438 0.713263 0.024063 0.014789
1 0.118281 0.879108 0.041563 0.022066
1 0.333047 0.878286 0.014844 0.032160
1 0.100469 0.935681 0.035313 0.022535
1 0.237109 0.890728 0.020469 0.037324
1 0.485547 0.857746 0.019844 0.029108
1 0.293906 0.945305 0.019062 0.038498
1 0.378906 0.929695 0.020313 0.033099
1 0.500000 0.725352 0.996875 0.544601
