0 0.500234 0.667173 0.150469 0.324533
2 0.683437 0.664720 0.006875 0.023832
2 0.666016 0.642290 0.007031 0.023364
2 0.677500 0.696612 0.009062 0.017056
1 0.079844 0.798832 0.159688 0.207009
1 0.973594 0.810631 0.052812 0.181075
1 0.922109 0.804206 0.101406 0.134112
1 0.324922 0.742991 0.032969 0.095327
1 0.849766 0.789603 0.090781 0.108645
1 0.192422 0.767991 0.094219 0.157944
1 0.255156 0.757243 0.052812 0.130374
1 0.295078 0.746495 0.043906 0.112150
1 0.381719 0.738084 0.039062 0.041589
1 0.504531 0.821028 0.161250 0.179439
1 0.806328 0.770210 0.064531 0.102103
1 0.692891 0.748598 0.046719 0.071963
1 0.670312 0.740070 0.040938 0.067991
2 0.690703 0.669393 0.006094 0.021963
1 0.377344 0.709112 0.754687 0.455607
