0 0.399062 0.759479 0.290000 0.176042
0 0.099922 0.697083 0.199844 0.117917
0 0.429609 0.602292 0.138594 0.055833
0 0.675000 0.631771 0.179062 0.045208
0 0.632109 0.587500 0.135469 0.026667
0 0.741484 0.620833 0.129219 0.061250
0 0.579062 0.616042 0.151250 0.044167
0 0.225156 0.568333 0.087500 0.040833
0 0.579453 0.568646 0.100781 0.039792
0 0.477500 0.561354 0.100000 0.027708
0 0.803047 0.602187 0.076094 0.067292
0 0.298906 0.596458 0.142187 0.047083
0 0.340938 0.571146 0.111875 0.016458
0 0.514062 0.563542 0.412500 0.093750
