1 0.154297 0.618808 0.162031 0.160514
0 0.465859 0.486916 0.426719 0.449533
0 0.830313 0.502220 0.338125 0.431542
2 0.221094 0.236799 0.021875 0.075000
2 0.028047 0.216121 0.026719 0.081308
2 0.187422 0.341005 0.015156 0.046963
2 0.123906 0.427804 0.012188 0.039252
2 0.036328 0.431542 0.009219 0.027570
2 0.068984 0.353855 0.012344 0.042757
1 0.097969 0.544276 0.044688 0.047897
1 0.048594 0.564369 0.080312 0.096963
1 0.008828 0.559112 0.017656 0.061215
0 0.219219 0.510864 0.065938 0.063785
2 0.061016 0.452570 0.008281 0.014486
2 0.088906 0.442991 0.012500 0.016355
2 0.104609 0.443458 0.012656 0.018692
2 0.097344 0.245093 0.047188 0.026168
2 0.108437 0.356425 0.008125 0.026402
