1 0.570312 0.834325 0.158125 0.129062
1 0.742969 0.843478 0.146875 0.129062
1 0.657031 0.827803 0.090312 0.124256
1 0.236641 0.918192 0.358281 0.163616
1 0.089297 0.897254 0.176406 0.202746
1 0.434453 0.830435 0.068906 0.085126
1 0.032578 0.794966 0.057969 0.040275
2 0.076250 0.721053 0.008438 0.024256
2 0.028984 0.702517 0.012344 0.017391
1 0.247656 0.811785 0.062500 0.049657
1 0.377891 0.809725 0.103906 0.105492
1 0.308516 0.801030 0.061719 0.074371
2 0.067187 0.754233 0.005000 0.026087
2 0.086875 0.742563 0.010312 0.017391
1 0.098594 0.792105 0.065000 0.028146
