1 0.741797 0.470258 0.287031 0.182670
1 0.975625 0.449297 0.047813 0.137002
1 0.054297 0.522482 0.050781 0.144262
0 0.386328 0.458431 0.487656 0.692037
2 0.577578 0.117564 0.044844 0.184543
2 0.882656 0.051171 0.048125 0.097658
1 0.018828 0.563817 0.037656 0.127635
1 0.023203 0.515808 0.030156 0.080796
1 0.124766 0.537471 0.096094 0.144731
1 0.079219 0.508899 0.029063 0.136768
1 0.023438 0.477635 0.045937 0.049415
2 0.641016 0.261124 0.012969 0.085246
2 0.019062 0.370960 0.011250 0.060422
2 0.693281 0.257728 0.013125 0.046604
